Val Labels: 
[6 8 3 4 7 7 6 8 0 7 6 2 1 5 3 9 0 4 1 2 5 8 9 1 8 1 3 4 4 1 9 8 6 4 0 7 9
 2 4 1 2 7 3 5 8 2 3 9 7 0 4 6 5 2 4 3 9 2 2 1 2 9 6 1 6 4 4 0 7 1 5 8 5 0
 9 6 3 9 7 6 3 8 0 5 5 0 6 0 8 5 7 1 0 3 2 9 7 5 3 8]
Predicted Labels: 
[2 7 4 4 6 6 6 0 7 8 5 7 1 5 7 7 0 3 8 7 5 7 0 1 5 5 3 8 3 7 7 5 5 4 0 8 0
 0 4 1 8 6 0 5 1 0 8 0 6 8 4 6 8 0 4 3 0 7 2 3 8 0 2 2 7 3 8 1 6 4 0 5 8 6
 7 6 0 0 8 7 8 2 2 6 2 0 1 2 6 7 6 7 2 8 7 5 1 8 7 2]
==========================================================================
Features Num: 2175
Best random seed: 138
Best random_state: 79
==========================================================================
Class         |  Precision  |  Recall
------------------------------------------
10_flower     |     0.1875  |  0.3000
1_horse       |     0.4286  |  0.3000
2_plane       |     0.1000  |  0.1000
3_rooster     |     0.3333  |  0.2000
4_tree        |     0.7143  |  0.5000
5_sailboat    |     0.3000  |  0.3000
6_motorcycle  |     0.2500  |  0.3000
7_car         |     0.0000  |  0.0000
8_butterfly   |     0.0000  |  0.0000
9_dragonfly   |     1.0000  |  0.0000
------------------------------------------
Total         |     0.3314  |  0.2000